Multiple size <= 100
TEST 1 ARG:3 30 96 63 18 94 19 85 57 80 55 52 13 22 75 17 51 79 39 72 11 61 31 62 60 81 29 42 87 6 69 25 78 91 54 34 67 89 73 45 28 9 27 14 82 88 32 35 86 7 26 24 76 90 44 56 59 8 36 93 40 2 99 15 77 38 5 50 68 65 41 43 48 10 95 33 37 84 70 20 0 71 12 23 46 47 97 98 64 21 1 58 53 4 92 74 49 66 16 83 
TEST 1 ARG:3 30 96 63 18 94 19 85 57 80 55 52 13 22 75 17 51 79 39 72 11 61 31 62 60 81 29 42 87 6 69 25 78 91 54 34 67 89 73 45 28 9 27 14 82 88 32 35 86 7 26 24 76 90 44 56 59 8 36 93 40 2 99 15 77 38 5 50 68 65 41 43 48 10 95 33 37 84 70 20 0 71 12 23 46 47 97 98 64 21 1 58 53 4 92 74 49 66 16 83 
TEST 2 ARG:87 6 34 4 40 63 84 81 25 65 20 83 46 49 21 90 28 11 22 77 10 64 60 70 57 35 92 42 99 68 89 78 82 94 88 76 18 16 45 71 58 61 38 9 44 0 73 23 51 30 74 67 47 19 75 98 56 15 31 72 41 3 32 86 13 43 69 5 66 7 2 62 14 39 26 17 1 50 29 53 54 24 12 96 59 97 55 48 33 27 85 93 79 95 52 36 37 91 8 80 
TEST 2 ARG:87 6 34 4 40 63 84 81 25 65 20 83 46 49 21 90 28 11 22 77 10 64 60 70 57 35 92 42 99 68 89 78 82 94 88 76 18 16 45 71 58 61 38 9 44 0 73 23 51 30 74 67 47 19 75 98 56 15 31 72 41 3 32 86 13 43 69 5 66 7 2 62 14 39 26 17 1 50 29 53 54 24 12 96 59 97 55 48 33 27 85 93 79 95 52 36 37 91 8 80 
TEST 3 ARG:8 80 23 50 57 64 7 52 96 28 68 90 82 37 53 0 70 97 33 51 9 99 16 19 49 12 56 2 71 98 39 35 95 13 91 29 21 36 92 61 54 34 15 60 83 24 78 55 3 88 79 75 31 22 63 81 69 25 66 87 72 43 26 5 48 65 89 38 84 42 86 74 46 73 17 27 45 76 67 10 32 47 44 41 93 1 30 58 6 18 40 59 62 20 77 14 85 11 4 94 
TEST 3 ARG:8 80 23 50 57 64 7 52 96 28 68 90 82 37 53 0 70 97 33 51 9 99 16 19 49 12 56 2 71 98 39 35 95 13 91 29 21 36 92 61 54 34 15 60 83 24 78 55 3 88 79 75 31 22 63 81 69 25 66 87 72 43 26 5 48 65 89 38 84 42 86 74 46 73 17 27 45 76 67 10 32 47 44 41 93 1 30 58 6 18 40 59 62 20 77 14 85 11 4 94 
TEST 4 ARG:11 14 41 21 3 24 67 25 40 23 52 86 53 57 37 80 2 55 90 69 46 88 64 76 28 19 62 36 65 4 81 30 18 98 39 16 61 27 75 85 6 22 56 13 91 94 96 47 89 33 73 60 97 32 84 79 9 20 58 63 83 12 43 71 50 29 7 31 95 48 35 87 93 10 34 92 44 68 54 38 99 1 0 77 42 78 66 5 72 49 51 59 70 15 74 82 45 26 17 8 
TEST 4 ARG:11 14 41 21 3 24 67 25 40 23 52 86 53 57 37 80 2 55 90 69 46 88 64 76 28 19 62 36 65 4 81 30 18 98 39 16 61 27 75 85 6 22 56 13 91 94 96 47 89 33 73 60 97 32 84 79 9 20 58 63 83 12 43 71 50 29 7 31 95 48 35 87 93 10 34 92 44 68 54 38 99 1 0 77 42 78 66 5 72 49 51 59 70 15 74 82 45 26 17 8 
TEST 5 ARG:80 39 7 37 97 98 3 89 0 68 66 18 58 69 91 65 95 62 99 52 83 81 51 76 49 4 87 73 48 82 26 90 71 88 63 16 55 25 34 44 6 9 15 10 28 56 35 86 67 79 46 94 1 64 5 21 8 54 19 12 96 53 36 57 74 50 14 13 85 72 59 22 30 61 2 40 17 38 33 23 77 27 45 41 43 78 92 70 47 93 31 32 20 42 75 24 60 29 11 84 
TEST 5 ARG:80 39 7 37 97 98 3 89 0 68 66 18 58 69 91 65 95 62 99 52 83 81 51 76 49 4 87 73 48 82 26 90 71 88 63 16 55 25 34 44 6 9 15 10 28 56 35 86 67 79 46 94 1 64 5 21 8 54 19 12 96 53 36 57 74 50 14 13 85 72 59 22 30 61 2 40 17 38 33 23 77 27 45 41 43 78 92 70 47 93 31 32 20 42 75 24 60 29 11 84 
TEST 6 ARG:65 25 80 63 20 57 5 46 1 22 75 62 90 51 72 37 97 42 98 36 32 70 60 11 58 15 86 28 73 66 64 24 44 33 83 48 19 14 3 95 54 55 45 81 10 40 31 43 12 85 35 93 6 68 87 30 67 91 53 18 78 21 84 52 77 2 92 50 99 0 9 23 61 34 59 27 69 79 41 96 39 8 47 74 38 16 94 89 56 71 82 13 7 49 76 88 26 4 17 29 
TEST 6 ARG:65 25 80 63 20 57 5 46 1 22 75 62 90 51 72 37 97 42 98 36 32 70 60 11 58 15 86 28 73 66 64 24 44 33 83 48 19 14 3 95 54 55 45 81 10 40 31 43 12 85 35 93 6 68 87 30 67 91 53 18 78 21 84 52 77 2 92 50 99 0 9 23 61 34 59 27 69 79 41 96 39 8 47 74 38 16 94 89 56 71 82 13 7 49 76 88 26 4 17 29 
TEST 7 ARG:0 18 99 5 69 54 20 31 90 1 17 41 28 67 45 74 25 64 86 91 81 6 32 13 8 51 72 30 57 49 46 21 59 95 82 56 93 14 98 75 71 3 50 2 70 52 60 9 37 58 16 55 68 62 24 84 76 96 7 66 38 85 77 80 26 29 89 61 34 22 73 47 33 23 4 92 94 35 44 88 48 15 79 39 87 12 63 42 11 83 78 40 19 43 27 65 97 36 53 10 
TEST 7 ARG:0 18 99 5 69 54 20 31 90 1 17 41 28 67 45 74 25 64 86 91 81 6 32 13 8 51 72 30 57 49 46 21 59 95 82 56 93 14 98 75 71 3 50 2 70 52 60 9 37 58 16 55 68 62 24 84 76 96 7 66 38 85 77 80 26 29 89 61 34 22 73 47 33 23 4 92 94 35 44 88 48 15 79 39 87 12 63 42 11 83 78 40 19 43 27 65 97 36 53 10 
TEST 8 ARG:64 76 9 73 15 80 58 96 84 43 98 26 18 34 94 40 55 65 37 56 0 44 54 10 70 77 25 31 45 57 46 24 66 59 82 27 1 12 21 95 2 19 42 74 75 50 17 49 51 72 22 41 13 30 33 8 32 6 92 88 3 14 47 11 29 71 61 39 78 83 90 81 68 91 62 7 38 79 53 36 63 28 35 23 20 48 87 67 89 97 5 16 85 99 4 60 69 93 52 86 
TEST 8 ARG:64 76 9 73 15 80 58 96 84 43 98 26 18 34 94 40 55 65 37 56 0 44 54 10 70 77 25 31 45 57 46 24 66 59 82 27 1 12 21 95 2 19 42 74 75 50 17 49 51 72 22 41 13 30 33 8 32 6 92 88 3 14 47 11 29 71 61 39 78 83 90 81 68 91 62 7 38 79 53 36 63 28 35 23 20 48 87 67 89 97 5 16 85 99 4 60 69 93 52 86 
TEST 9 ARG:25 82 19 70 42 92 44 11 59 53 75 3 57 10 69 43 45 6 23 39 74 66 95 78 65 41 40 87 56 4 46 77 27 1 37 76 80 84 85 22 18 71 98 51 68 0 49 62 97 12 73 5 99 52 29 38 67 26 47 55 15 64 33 30 94 2 34 9 89 54 88 8 32 81 35 28 50 24 60 17 93 83 61 72 20 16 91 86 58 96 21 63 13 7 90 36 79 14 31 48 
TEST 9 ARG:25 82 19 70 42 92 44 11 59 53 75 3 57 10 69 43 45 6 23 39 74 66 95 78 65 41 40 87 56 4 46 77 27 1 37 76 80 84 85 22 18 71 98 51 68 0 49 62 97 12 73 5 99 52 29 38 67 26 47 55 15 64 33 30 94 2 34 9 89 54 88 8 32 81 35 28 50 24 60 17 93 83 61 72 20 16 91 86 58 96 21 63 13 7 90 36 79 14 31 48 
TEST 10 ARG:64 70 34 12 55 51 11 84 61 43 41 94 91 71 75 14 90 49 39 99 9 15 92 96 57 52 79 22 30 0 32 17 93 19 60 25 97 85 8 73 28 45 69 42 31 62 48 78 65 35 47 18 36 27 87 24 20 46 74 4 33 68 37 81 98 67 83 16 7 29 10 77 72 23 89 54 3 21 63 1 2 40 86 66 58 82 59 13 50 5 80 44 56 76 38 95 26 6 88 53 
TEST 10 ARG:64 70 34 12 55 51 11 84 61 43 41 94 91 71 75 14 90 49 39 99 9 15 92 96 57 52 79 22 30 0 32 17 93 19 60 25 97 85 8 73 28 45 69 42 31 62 48 78 65 35 47 18 36 27 87 24 20 46 74 4 33 68 37 81 98 67 83 16 7 29 10 77 72 23 89 54 3 21 63 1 2 40 86 66 58 82 59 13 50 5 80 44 56 76 38 95 26 6 88 53 
